[66, 77, 58, 5, 0, 0, 0, 0, 0, 0]
[138, 0, 0, 0, 124, 0, 0, 0, 20, 0]
[0, 0, 20, 0, 0, 0, 1, 0, 24, 0]
[0, 0, 0, 0, 176, 4, 0, 0, 0, 0]
[0, 0, 0, 0, 0, 0, 0, 0, 0, 0]
[0, 0, 0, 0, 0, 0, 255, 0, 0, 255]
[0, 0, 255, 0, 0, 0, 0, 0, 0, 255]
[66, 71, 82, 115, 143, 194, 245, 40, 81, 184]
[30, 21, 30, 133, 235, 1, 51, 51, 51, 19]
[102, 102, 102, 38, 102, 102, 102, 6, 153, 153]
[153, 9, 61, 10, 215, 3, 40, 92, 143, 50]
[0, 0, 0, 0, 0, 0, 0, 0, 0, 0]
[0, 0, 4, 0, 0, 0, 0, 0, 0, 0]
[0, 0, 0, 0, 0, 0, 0, 0, 23, 23]
[23, 26, 26, 26, 30, 30, 30, 34, 34, 34]
[39, 39, 39, 45, 45, 45, 51, 51, 51, 57]
[57, 57, 63, 63, 63, 69, 69, 69, 76, 76]
[76, 80, 80, 80, 106, 106, 106, 163, 163, 163]
[156, 156, 156, 149, 149, 149, 142, 142, 142, 138]
[138, 138, 133, 133, 133, 130, 130, 130, 23, 23]
[23, 26, 26, 26, 30, 30, 30, 34, 34, 34]
[39, 39, 39, 45, 45, 45, 51, 51, 51, 56]
[56, 56, 63, 63, 63, 70, 70, 70, 76, 76]
[76, 83, 83, 83, 87, 87, 87, 134, 134, 134]
[161, 161, 161, 148, 148, 148, 142, 142, 142, 138]
[138, 138, 136, 136, 136, 131, 131, 131, 23, 23]
[23, 26, 26, 26, 30, 30, 30, 34, 34, 34]
[39, 39, 39, 45, 45, 45, 51, 51, 51, 57]
[57, 57, 61, 61, 61, 61, 61, 61, 68, 68]
[68, 83, 83, 83, 91, 91, 91, 102, 102, 102]
[151, 151, 151, 152, 152, 152, 144, 144, 144, 136]
[136, 136, 118, 118, 118, 105, 105, 105, 23, 23]
[23, 26, 26, 26, 30, 30, 30, 34, 34, 34]
[39, 39, 39, 45, 45, 45, 50, 50, 50, 52]
[52, 52, 52, 52, 52, 57, 57, 57, 62, 62]
[62, 72, 72, 72, 90, 90, 90, 99, 99, 99]
[122, 122, 122, 146, 146, 146, 130, 130, 130, 98]
[98, 98, 92, 92, 92, 97, 97, 97, 23, 23]
[23, 26, 26, 26, 30, 30, 30, 35, 35, 35]
[40, 40, 40, 43, 43, 43, 43, 43, 43, 46]
[46, 46, 52, 52, 52, 58, 58, 58, 64, 64]
[64, 68, 68, 68, 75, 75, 75, 95, 95, 95]
[110, 110, 110, 118, 118, 118, 96, 96, 96, 89]
[89, 89, 96, 96, 96, 98, 98, 98, 22, 22]
[22, 26, 26, 26, 30, 30, 30, 34, 34, 34]
[35, 35, 35, 37, 37, 37, 42, 42, 42, 48]
[48, 48, 54, 54, 54, 58, 58, 58, 63, 63]
[63, 69, 69, 69, 73, 73, 73, 76, 76, 76]
[99, 99, 99, 99, 99, 99, 86, 86, 86, 92]
[92, 92, 95, 95, 95, 100, 100, 100, 23, 23]
[23, 26, 26, 26, 27, 27, 27, 29, 29, 29]
[32, 32, 32, 37, 37, 37, 43, 43, 43, 32]
[32, 32, 40, 40, 40, 57, 57, 57, 65, 65]
[65, 69, 69, 69, 73, 73, 73, 77, 77, 77]
[79, 79, 79, 84, 84, 84, 88, 88, 88, 92]
[92, 92, 96, 96, 96, 77, 77, 77, 21, 21]
[21, 22, 22, 22, 24, 24, 24, 28, 28, 28]
[33, 33, 33, 39, 39, 39, 35, 35, 35, 23]
[23, 23, 27, 27, 27, 35, 35, 35, 53, 53]
[53, 69, 69, 69, 75, 75, 75, 77, 77, 77]
[80, 80, 80, 84, 84, 84, 90, 90, 90, 89]
[89, 89, 72, 72, 72, 52, 52, 52, 18, 18]
[18, 21, 21, 21, 25, 25, 25, 28, 28, 28]
[33, 33, 33, 38, 38, 38, 24, 24, 24, 24]
[24, 24, 29, 29, 29, 32, 32, 32, 35, 35]
[35, 46, 46, 46, 64, 64, 64, 78, 78, 78]
[82, 82, 82, 86, 86, 86, 81, 81, 81, 65]
[65, 65, 61, 61, 61, 47, 47, 47, 19, 19]
[19, 21, 21, 21, 25, 25, 25, 28, 28, 28]
[34, 34, 34, 30, 30, 30, 19, 19, 19, 25]
[25, 25, 29, 29, 29, 34, 34, 34, 38, 38]
[38, 41, 41, 41, 45, 45, 45, 55, 55, 55]
[74, 74, 74, 73, 73, 73, 58, 58, 58, 63]
[63, 63, 55, 55, 55, 44, 44, 44, 19, 19]
[19, 21, 21, 21, 25, 25, 25, 29, 29, 29]
[32, 32, 32, 20, 20, 20, 21, 21, 21, 18]
[18, 18, 18, 18, 18, 25, 25, 25, 31, 31]
[31, 38, 38, 38, 45, 45, 45, 49, 49, 49]
[54, 54, 54, 56, 56, 56, 60, 60, 60, 63]
[63, 63, 46, 46, 46, 44, 44, 44, 19, 19]
[19, 21, 21, 21, 24, 24, 24, 30, 30, 30]
[24, 24, 24, 16, 16, 16, 21, 21, 21, 15]
[15, 15, 15, 15, 15, 18, 18, 18, 20, 20]
[20, 24, 24, 24, 29, 29, 29, 35, 35, 35]
[42, 42, 42, 48, 48, 48, 56, 56, 56, 54]
[54, 54, 42, 42, 42, 45, 45, 45, 19, 19]
[19, 21, 21, 21, 25, 25, 25, 27, 27, 27]
[16, 16, 16, 17, 17, 17, 19, 19, 19, 13]
[13, 13, 15, 15, 15, 18, 18, 18, 21, 21]
[21, 24, 24, 24, 27, 27, 27, 29, 29, 29]
[32, 32, 32, 34, 34, 34, 37, 37, 37, 40]
[40, 40, 42, 42, 42, 43, 43, 43, 19, 19]
[19, 21, 21, 21, 26, 26, 26, 20, 20, 20]
[13, 13, 13, 18, 18, 18, 17, 17, 17, 12]
[12, 12, 15, 15, 15, 17, 17, 17, 20, 20]
[20, 23, 23, 23, 26, 26, 26, 30, 30, 30]
[33, 33, 33, 36, 36, 36, 38, 38, 38, 39]
[39, 39, 41, 41, 41, 38, 38, 38, 18, 18]
[18, 22, 22, 22, 23, 23, 23, 12, 12, 12]
[14, 14, 14, 18, 18, 18, 14, 14, 14, 12]
[12, 12, 15, 15, 15, 17, 17, 17, 20, 20]
[20, 22, 22, 22, 26, 26, 26, 29, 29, 29]
[25, 25, 25, 28, 28, 28, 37, 37, 37, 40]
[40, 40, 37, 37, 37, 37, 37, 37, 18, 18]
[18, 22, 22, 22, 16, 16, 16, 11, 11, 11]
[15, 15, 15, 17, 17, 17, 12, 12, 12, 12]
[12, 12, 14, 14, 14, 16, 16, 16, 19, 19]
[19, 22, 22, 22, 24, 24, 24, 21, 21, 21]
[21, 21, 21, 24, 24, 24, 30, 30, 30, 36]
[36, 36, 35, 35, 35, 38, 38, 38, 19, 19]
[19, 19, 19, 19, 10, 10, 10, 12, 12, 12]
[15, 15, 15, 16, 16, 16, 10, 10, 10, 12]
[12, 12, 14, 14, 14, 16, 16, 16, 19, 19]
[19, 20, 20, 20, 16, 16, 16, 18, 18, 18]
[22, 22, 22, 25, 25, 25, 28, 28, 28, 31]
[31, 31, 35, 35, 35, 38, 38, 38, 19, 19]
[19, 14, 14, 14, 9, 9, 9, 12, 12, 12]
[15, 15, 15, 14, 14, 14, 10, 10, 10, 11]
[11, 11, 13, 13, 13, 16, 16, 16, 15, 15]
[15, 13, 13, 13, 16, 16, 16, 19, 19, 19]
[21, 21, 21, 25, 25, 25, 28, 28, 28, 31]
[31, 31, 35, 35, 35, 38, 38, 38, 16, 16]
[16, 10, 10, 10, 10, 10, 10, 12, 12, 12]
[15, 15, 15, 12, 12, 12, 10, 10, 10, 11]
[11, 11, 13, 13, 13, 12, 12, 12, 11, 11]
[11, 13, 13, 13, 16, 16, 16, 18, 18, 18]
[21, 21, 21, 25, 25, 25, 28, 28, 28, 31]
[31, 31, 35, 35, 35, 38, 38, 38, 12, 12]
[12, 10, 10, 10, 10, 10, 10, 12, 12, 12]
[14, 14, 14, 11, 11, 11, 10, 10, 10, 11]
[11, 11, 11, 11, 11, 10, 10, 10, 12, 12]
[12, 14, 14, 14, 16, 16, 16, 19, 19, 19]
[21, 21, 21, 25, 25, 25, 28, 28, 28, 31]
[31, 31, 35, 35, 35, 38, 38, 38, 28, 31]
